<?xml version="1.0"?>
<opencv_storage>
<my_matrix type_id="opencv-matrix">
  <rows>5</rows>
  <cols>5</cols>
  <dt>f</dt>
  <data>
    -431602080. -431602080. -431602080. -431602080. -431602080.
    -431602080. -431602080. -431602080. -431602080. -431602080.
    -431602080. -431602080. -431602080. -431602080. -431602080.
    -431602080. -431602080. 7.69999981e+000 5.00000000e-001 -431602080.
    -431602080. -431602080. -431602080. -431602080. 5.00000000e-001</data></my_matrix>
</opencv_storage>
