<?xml version="1.0"?>
<opencv_storage>
<frame_count>10</frame_count>
<frame_size>
  320 200</frame_size>
<color_cvt_matrix type_id="opencv-matrix">
  <rows>5</rows>
  <cols>5</cols>
  <dt>f</dt>
  <data>
    -431602080. -431602080. -431602080. -431602080. -431602080.
    -431602080. -431602080. -431602080. -431602080. -431602080.
    -431602080. -431602080. -431602080. -431602080. -431602080.
    -431602080. -431602080. 7.69999981e+000 5.00000000e-001 -431602080.
    -431602080. -431602080. -431602080. -431602080. 5.00000000e-001</data></color_cvt_matrix>
</opencv_storage>
